1 | 11110101 | [10000000 10011110 00001001 11001010 00100000 11001010 11001111 11100111 ]
1 | 00001101 | [00001110 11111111 00101011 11010010 11011110 01101011 00111100 01001101 ]
1 | 10010100 | [11101100 00001001 00101101 00110001 11100101 11010100 10001011 11001100 ]
1 | 00111010 | [10100000 10001100 10010101 00100111 10011001 10000101 01000101 11001110 ]
1 | 10101101 | [01100001 11011010 10111101 00000011 11001000 11101000 11001110 00110000 ]
1 | 00001010 | [01100001 01000100 10000000 00110111 10101110 00001110 11001000 00010011 ]
1 | 01110110 | [00111011 10010110 11111000 11110100 01011110 01010001 11110110 10001010 ]
1 | 00100001 | [01000101 11110010 10000101 11110010 11000011 11100100 00011110 01010110 ]
1 | 00100111 | [00011010 10111100 01111110 11010010 11011010 01111110 00101101 01111101 ]
1 | 00010001 | [11011001 11010011 01011011 11011011 00001111 11100110 00101101 11011101 ]
1 | 01000011 | [00001111 11101100 10010001 10100000 01111110 10100100 00100100 01100011 ]
1 | 11011011 | [01101110 10110101 01101001 01101000 10000101 01010111 11011010 01111010 ]
1 | 00001111 | [10001110 11011100 01001110 10100010 11001100 10111000 11100001 01000111 ]
1 | 01011111 | [11111011 00101011 00100011 10001010 11111010 01101010 10100001 11110011 ]
1 | 11101111 | [00000110 01010111 11000011 01101011 00000000 11111100 00111000 00100111 ]
1 | 01101000 | [11111101 00101111 00010100 11010111 11001000 10010100 10111111 11000001 ]

Cantidad:
Hits: 1
Miss: 18
Tasa:
T. hits: 5.26316%
T. miss: 94.7368%
